335
1905
3080
3095
3127
3171
3224
3276
3498
3564
3625
3724
3750
3860
3922
4005
4024
4093
4145
4243
4252
4267
4411
4479
4529
4631
4650
4744
4773
4798
4900
5153
5192
5212
5221
5299
5300
5339
5370
5375
5377
5420
5446
5456
5489
5511
5561
5622
5672
5699
5713
5728
5773
5791
5793
5796
5804
5819
5850
5851
6037
6348
6369
6445
6480
6484
6540
6591
6633
6638
6671
6772
6859
6873
6908
6927
6933
6963
7117
7124
7125
7158
7239
7304
7361
7460
7513
7540
7541
7607
7754
7784
7823
8046
8047
8052
8057
8171
8173
8178
8188
8224
8284
8421
8431
8516
8618
8621
8658
8660
8665
8672
8754
8772
8849
8850
8862
8945
8964
9048
9081
9133
9143
9152
9153
9164
9211
9256
9373
9375
9404
9420
9429
